
5 7
0 1 1
1 2 1
2 3 2
0 3 2
0 4 3
3 4 3
1 4 6


65 73
0 1 7 
1 2 4 
1 3 5 
0 4 9 
1 5 2 
3 6 13 
5 7 30 
5 8 25 
2 9 22 
4 10 5 
10 11 9 
3 12 23 
2 13 29 
1 14 10 
12 15 8 
0 16 14 
7 17 5 
0 18 10 
8 19 7 
19 20 11 
7 21 9 
3 22 3 
14 23 4 
7 24 20 
3 25 30 
2 26 6 
12 27 31 
9 28 22 
28 29 9 
4 30 7 
12 31 31 
30 32 31 
24 33 19 
21 34 11 
18 35 12 
24 36 18 
17 37 12 
12 38 32 
27 39 2 
38 40 28 
25 41 29 
4 42 11 
4 43 30 
37 44 23 
7 45 22 
17 46 22 
10 47 19 
2 48 25 
7 49 11 
4 50 12 
49 51 4 
37 52 6 
41 53 20 
16 54 11 
7 55 11 
1 56 32 
35 57 6 
54 58 1 
56 59 17 
22 60 2 
10 61 27 
59 62 9 
23 63 22 
33 64 21 
43 56 15 
32 43 20 
39 61 25 
8 27 6 
40 47 15 
3 10 8 
24 59 13 
62 64 7 
12 59 27

